0.875
0.52
0.473
0.516
0.416
0.2
0.286
0.454
0.393
0.346
0.5
0.46
0.675
0.95
0.552
0.512
0.178
0.294
0.085
0.3
0.203
0.265
0.093
0.186
0.43
0.591
0.236
0.275
0.656
0.585
0.3
0.233
0.169
0.78
0.352
1.15
1.245
1.345
0.91
1
1.205
0.587
0.422
0.491
0.676
0.398
0.241
0.95
0.75
0.5
0.69
0.995
3.666
2.7
2.666
1.733
3.5
0.9
1.766
0.684
1.171
1.969
1.2
1.68
1.656
2.587
2.06
0.9
2.83
1.97
1.62
1.27
1.827
0.693
0.96
1.19
0.775
0.866
0.741
1.578
1.242
1.138
1.92
2.64
2.6
2.32
3.566
4.033
3.53
1.233
0.765
3.791
3.35
3.466
3.666
5.56
6.225
6.28
5.53
5.67
5.34
4.928
1.27
6.11
3.08
0.48
3
2.366
2.81
0.74
8.84
8.84
8.78
8.76
0.846
0.813
2.155
2.222
2.155
2.133
0.406
0.449
0.004
0.008
0.771
0.072
4
