0.228
0.463
0.167
0
0.055
0.228
0.463
0.167
0
0.055
0.228
0.463
0.167
0
0.055
0.228
0.463
0.167
0
0.055
0.228
0.463
0.167
0
0.055
0.228
0.463
0.167
0
0.055
0.228
0.463
0.167
0
0.055
0.228
0.463
0.167
0
0.055
0.228
0.463
0.167
0
0.055
0.228
0.463
0.167
0
0.055
0.228
0.463
0.167
0
0.055
0.228
0.463
0.167
0
0.055
0.228
0.463
0.167
0
0.055
0.228
0.463
0.167
0
0.055
0.228
0.463
0.167
0
0.055
0.228
0.463
0.167
0
0.055
0.228
0.463
0.167
0
0.055
0.228
0.463
0.167
0
0.055
0.228
0.463
0.167
0
0.055
0.228
0.463
0.167
0
0.055
0.228
0.463
0.167
0
0.055
0.228
0.463
0.167
0
0.055
0.228
0.463
0.167
0
0.055
0.228
0.463
0.167
0
0.055
0
0.055
0.228
0.463
0.167
0
0.055
