0.003
0.43
0.607
0.06
0.032
0.003
0.43
0.607
0.06
0.032
0.003
0.43
0.607
0.06
0.032
0.003
0.43
0.607
0.06
0.032
0.003
0.43
0.607
0.06
0.032
0.003
0.43
0.607
0.06
0.032
0.003
0.43
0.607
0.06
0.032
0.003
0.43
0.607
0.06
0.032
0.003
0.43
0.607
0.06
0.032
0.003
0.43
0.607
0.06
0.032
0.003
0.43
0.607
0.06
0.032
0.003
0.43
0.607
0.06
0.032
0.003
0.43
0.607
0.06
0.032
0.003
0.43
0.607
0.06
0.032
0.003
0.43
0.607
0.06
0.032
0.003
0.43
0.607
0.06
0.032
0.003
0.43
0.607
0.06
0.032
0.003
0.43
0.607
0.06
0.032
0.003
0.43
0.607
0.06
0.032
0.003
0.43
0.607
0.06
0.032
0.003
0.43
0.607
0.06
0.032
0.003
0.43
0.607
0.06
0.032
0.003
0.43
0.607
0.06
0.032
0.003
0.43
0.607
0.06
0.032
0.003
0.43
0.607
0.06
0.032
0.003
0.43
