0.026
0.11
0.096
0
0
0.026
0.11
0.096
0
0
0.026
0.11
0.096
0
0
0.026
0.11
0.096
0
0
0.026
0.11
0.096
0
0
0.026
0.11
0.096
0
0
0.026
0.11
0.096
0
0
0.026
0.11
0.096
0
0
0.026
0.11
0.096
0
0
0.026
0.11
0.096
0
0
0.026
0.11
0.096
0
0
0.026
0.11
0.096
0
0
0.026
0.11
0.096
0
0
0.026
0.11
0.096
0
0
0.026
0.11
0.096
0
0
0.026
0.11
0.096
0
0
0.026
0.11
0.096
0
0
0.026
0.11
0.096
0
0
0.026
0.11
0.096
0
0
0.026
0.11
0.096
0
0
0.026
0.11
0.096
0
0
0.026
0.11
0.096
0
0
0.026
0.11
0.096
0
0
0.026
0.11
0.096
0
0
0.026
0.11
0.096
0
0
0.026
0.11
