0.011
0.079
0.042
0.31
0.035
0.011
0.079
0.042
0.31
0.035
0.011
0.079
0.042
0.31
0.035
0.011
0.079
0.042
0.31
0.035
0.011
0.079
0.042
0.31
0.035
0.011
0.079
0.042
0.31
0.035
0.011
0.079
0.042
0.31
0.035
0.011
0.079
0.042
0.31
0.035
0.011
0.079
0.042
0.31
0.035
0.011
0.079
0.042
0.31
0.035
0.011
0.079
0.042
0.31
0.035
0.011
0.079
0.042
0.31
0.035
0.011
0.079
0.042
0.31
0.035
0.011
0.079
0.042
0.31
0.035
0.011
0.079
0.042
0.31
0.035
0.011
0.079
0.042
0.31
0.035
0.011
0.079
0.042
0.31
0.035
0.011
0.079
0.042
0.31
0.035
0.011
0.079
0.042
0.31
0.035
0.011
0.079
0.042
0.31
0.035
0.011
0.079
0.042
0.31
0.035
0.011
0.079
0.042
0.31
0.035
0.011
0.079
0.042
0.31
0.035
0.011
0.079
0.042
0.31
0.035
0.011
0.079
0.042
0.31
0.035
0.011
0.079
