202526272829
202526272829
213031323334
3536373839
213031323334
4041424344
213031323334
4041424344
202526272829
213031323334
4041424344
213031323334
3536373839
213031323334
4041424344
4546474849
202526272829
213031323334
4546474849
5051525354
213031323334
3536373839
213031323334
4041424344
213031323334
4546474849
202526272829
5051525354
213031323334
222324555657
213031323334
222324555657
213031323334
3536373839
202526272829
4041424344
222324555657
213031323334
222324555657
202526272829
202526272829
222324555657
213031323334
4041424344
213031323334
4546474849
213031323334
3536373839
202526272829
222324555657
213031323334
222324555657
213031323334
213031323334
202526272829
222324555657
5051525354
222324555657
213031323334
213031323334
202526272829
3536373839
213031323334
4546474849
213031323334
4041424344
202526272829
222324555657
3536373839
5051525354
213031323334
222324555657
213031323334
202526272829
4546474849
3536373839
222324555657
4546474849
202526272829
5051525354
4546474849
213031323334
3536373839
4546474849
213031323334
4546474849
202526272829
5051525354
222324555657
222324555657
3536373839
213031323334
222324555657
222324555657
202526272829
222324555657
3536373839
222324555657
5051525354
202526272829
3536373839
4546474849
213031323334
202526272829
222324555657
5051525354
213031323334
5051525354
222324555657
5051525354
3536373839
4546474849
202526272829
222324555657
5051525354
213031323334
202526272829
222324555657
4041424344
4546474849
213031323334
3536373839
213031323334
202526272829
4041424344
213031323334
213031323334
